2.9257942044873255;0.0	4.468809088429675;0.0	4.284694738932364;0.0	4.273410914120504;0.0	4.035711464672435;0.0	
3.9969035687767285;0.0	4.137156456392751;0.0	3.8343560227483713;0.0	4.210524785603403;0.0	4.034459883851576;0.0	
3.8514086350130383;0.0	6.560645959688776;0.0	6.747929622734101;0.0	7.719403474649808;0.0	7.391259771562853;0.0	
4.788387150366193;0.0	5.50417172565157;0.0	5.725713292572183;0.0	6.15798528487757;0.0	5.79757131062954;0.0	
6.055372089204235;0.0	6.245306697384949;0.0	7.116390840123269;0.0	7.08821122229701;0.0	6.874888035054145;0.0	
4.531450239849125;0.0	6.126793355211245;0.0	6.2944333823232155;0.0	6.341520471415519;0.0	6.587764277098674;0.0	
4.267573906304391;0.0	4.95142102971413;0.0	5.303652860946902;0.0	5.314618834444093;0.0	5.578700143262205;0.0	
5.947100818102425;0.0	6.728757555399506;0.0	6.927397208805364;0.0	7.204780115134512;0.0	7.494125568692035;0.0	
5.692299535283928;0.0	5.474207123015961;0.0	5.534397788681353;0.0	5.751831586243461;0.0	6.17993464160205;0.0	
5.86656433088302;0.0	5.438684468314097;0.0	6.802978487008342;0.0	7.197696850290189;0.0	6.615969699028198;0.0	
5.958454795985144;0.0	6.072932765351291;0.0	6.769062280328411;0.0	6.534185565705783;0.0	6.83190991396675;0.0	
4.289246019179817;0.0	4.617682935922073;0.0	4.668586613510453;0.0	5.058845430016026;0.0	5.232787553899924;0.0	
5.118117259930449;0.0	6.840529743473559;0.0	7.151735719071516;0.0	7.021145443352507;0.0	6.457167061911518;0.0	
4.747077106223054;0.0	5.626708637533575;0.0	5.277910813225002;0.0	6.174174279131821;0.0	5.643875291470496;0.0	
3.8901606332819516;0.0	4.4489298116656215;0.0	4.685474414104107;0.0	5.640657212527942;0.0	5.166616138543604;0.0	
5.4545697975512395;0.0	6.044742938729073;0.0	6.107261232247682;0.0	6.621992130383161;0.0	5.942901499076982;0.0	
6.040440784655776;0.0	7.450771695896591;0.0	5.368783183900334;0.0	6.856114995673532;0.0	5.375921651436657;0.0	
6.721024572511424;0.0	6.497876616497372;0.0	6.34838722883921;0.0	6.465310963056209;0.0	5.190559113037618;0.0	
6.613347202020676;0.0	7.3860843208400055;0.0	7.222958713818897;0.0	7.699320201452235;0.0	7.184488834113092;0.0	
6.779220927368219;0.0	7.428636798487461;0.0	6.959111941908827;0.0	7.393689911285672;0.0	6.6714203316546525;0.0	
6.078221183406791;0.0	7.167932261273388;0.0	6.586979631517837;0.0	6.878274568389528;0.0	5.855626433726208;0.0	
5.287321961747503;0.0	5.879436967372332;0.0	5.739480554444425;0.0	5.782576698059254;0.0	5.200586882103723;0.0	
5.3074373080643005;0.0	6.117537578926127;0.0	5.015530271125847;0.0	4.832285805253164;0.0	4.554669964064926;0.0	
4.281139997768399;0.0	8.505773556540117;0.0	6.877485952000902;0.0	7.31813251139994;0.0	6.447092622388308;0.0	
5.664269645022407;0.0	8.2389693498448;0.0	6.828601843786808;0.0	8.0425829983581;0.0	6.722085030102666;0.0	
5.807633382520653;0.0	7.947003710327496;0.0	6.7097128863801405;0.0	8.701438269230025;0.0	7.190340633075624;0.0	
5.543359539954685;0.0	6.2218273274898666;0.0	6.136734723668802;0.0	7.0181709269190256;0.0	6.265648546553145;0.0	
5.269171424489969;0.0	4.961435508585575;0.0	5.449260929976814;0.0	5.405590455542547;0.0	5.069681950779355;0.0	
2.753499534247029;0.0	4.8867533943502375;0.0	4.740598784771571;0.0	4.984116416120385;0.0	5.944273215562869;0.0	
5.866229121192188;0.0	7.8775684812649;0.0	7.396510507538454;0.0	7.44161565096273;0.0	7.073486960243165;0.0	
6.524622880565956;0.0	8.666743947750199;0.0	8.020593224668493;0.0	8.16846164294077;0.0	7.799988221107852;0.0	
7.24901582979526;0.0	7.211640768173734;0.0	6.220994936638721;0.0	7.175123937438682;0.0	7.05041614179213;0.0	
6.548048181633386;0.0	6.192057439324885;0.0	6.853071333932244;0.0	6.538735095280636;0.0	6.002116057170629;0.0	
3.0663531435690987;0.0	4.5565515378130454;0.0	4.607560195198411;0.0	4.781149392101766;0.0	4.9495857399825605;0.0	
6.180676100187884;0.0	6.417347018986429;0.0	6.9029316546720505;0.0	7.77010894020519;0.0	6.670824792464733;0.0	
5.481650521456622;0.0	8.174967912177316;0.0	7.56709168995477;0.0	7.002947015559451;0.0	6.738264858996347;0.0	
5.6286878697454865;0.0	8.655938801215935;0.0	7.640336263487694;0.0	7.180719450002028;0.0	6.460595143194163;0.0	
5.980734660179465;0.0	7.463257568753917;0.0	6.660935978350199;0.0	7.025676204248907;0.0	6.380712099870053;0.0	
5.025387296523103;0.0	7.016412992783443;0.0	8.060563646130106;0.0	6.837897240380483;0.0	6.8166500412839115;0.0	
4.221074668567395;0.0	7.221297780307338;0.0	7.377141793485158;0.0	7.073411907085708;0.0	6.402031051914204;0.0	
8.310257431601174;0.0	10.128612978788313;0.0	11.243754596100306;0.0	10.893492024167788;0.0	9.85435445338851;0.0	
6.84871682717312;0.0	9.371705335589517;0.0	11.450508717054527;0.0	11.87355461076419;0.0	10.403190628722362;0.0	
5.52427403737585;0.0	9.847197059553865;0.0	11.208102846728378;0.0	11.99684340075304;0.0	10.870055477395187;0.0	
7.226895675688479;0.0	9.783503735334815;0.0	11.108399709274195;0.0	11.55253358251161;0.0	10.48143110986975;0.0	
7.681523594096522;0.0	9.84166496260098;0.0	11.332135297601283;0.0	11.014449671211203;0.0	10.280241219011087;0.0	
6.810161892352464;0.0	9.301323940345585;0.0	11.388250131588494;0.0	11.632999080249288;0.0	10.902504067247257;0.0	
6.5658111086126025;0.0	9.556004706767148;0.0	11.046900362513396;0.0	11.714228043296579;0.0	10.695069205512057;0.0	
6.859614781639621;0.0	9.466390890355052;0.0	10.806179910364545;0.0	10.887697925368533;0.0	9.59687514751727;0.0	
8.011447976193562;0.0	10.376979766955309;0.0	10.96699447477866;0.0	12.11315002235331;0.0	10.896979200741916;0.0	
5.4674760587298135;0.0	9.430641405555994;0.0	11.299886275724239;0.0	12.213014308407963;0.0	10.446615599537187;0.0	
7.9643048596789265;0.0	10.130392364639198;0.0	10.47484531685123;0.0	11.38161180486456;0.0	10.075759969944384;0.0	
7.51783636032757;0.0	9.520908639412587;0.0	11.247377456841422;0.0	11.90766833895044;0.0	10.627962970122649;0.0	
7.734890075689988;0.0	10.22903367500037;0.0	11.441213190973226;0.0	12.21106511576259;0.0	10.757546033001402;0.0	
9.437913967055833;0.0	9.694160174879626;0.0	11.341213449898687;0.0	11.009576183957908;0.0	10.265563591341953;0.0	
8.15434577776366;0.0	9.866454592499531;0.0	10.276989154455302;0.0	10.331437321705714;0.0	10.628451675858349;0.0	
9.718748507850922;0.0	9.968788202326348;0.0	10.050933067715187;0.0	9.781843273823384;0.0	11.619254304220705;0.0	
7.285117081274631;0.0	10.008918715498499;0.0	9.712243094197536;0.0	10.005798630880193;0.0	10.440609114030718;0.0	
8.62527535412672;0.0	10.31458068370749;0.0	9.960010671750409;0.0	10.589691595154864;0.0	10.339229613018968;0.0	
9.260085417742614;0.0	10.583505899093254;0.0	10.298379986766609;0.0	10.270786516258168;0.0	10.537260784801095;0.0	
8.178746162062945;0.0	9.963265199824903;0.0	10.143449221966948;0.0	9.972734844561367;0.0	9.767687098029043;0.0	
8.740314839835584;0.0	9.710616050061084;0.0	9.196698017375258;0.0	9.766688175773988;0.0	9.934724180159847;0.0	
8.55507475672196;0.0	9.85720496048007;0.0	11.101915187901412;0.0	9.861502595906789;0.0	9.237806750666024;0.0	
8.561709747546413;0.0	9.689775798990684;0.0	11.468839856641035;0.0	11.309055433755539;0.0	10.225779448039914;0.0	
8.239207733895435;0.0	10.025647882785881;0.0	11.163697034685834;0.0	11.644206112441056;0.0	10.645419121518874;0.0	
7.103509743365914;0.0	9.720288769634218;0.0	11.614875128400849;0.0	10.93758917826728;0.0	10.53479664586766;0.0	
5.299235090854895;0.0	9.615307597133219;0.0	11.520254294848273;0.0	11.571643512040344;0.0	10.713263248522143;0.0	
7.384163093109542;0.0	9.845724524276825;0.0	10.40055788299522;0.0	11.665475368884614;0.0	11.064330787325353;0.0	
7.700747610188321;0.0	9.914805358080393;0.0	11.295373286495705;0.0	11.284735032234893;0.0	10.71904809562665;0.0	
6.563459723108197;0.0	8.75479018315869;0.0	10.250189861947295;0.0	10.442623603742103;0.0	9.260587654995506;0.0	
7.7870169313289015;0.0	10.227336608784746;0.0	11.362451404539337;0.0	11.515155006890152;0.0	10.860836660122967;0.0	
6.227111934938671;0.0	9.391770026062838;0.0	11.424582952923188;0.0	12.091327225727042;0.0	10.548771582345957;0.0	
6.247288551518439;0.0	9.199999457469772;0.0	10.857958295583039;0.0	11.546185556964286;0.0	10.394611300185641;0.0	
7.669607039124665;0.0	10.20260588641283;0.0	10.817143481615242;0.0	11.280140123051934;0.0	11.103389254783686;0.0	
5.965251286890109;0.0	9.221587401476782;0.0	11.618067690252072;0.0	12.041886283240613;0.0	10.727538101232355;0.0	
8.411757821687702;0.0	9.599735219343463;0.0	11.363446917277384;0.0	11.877531363521419;0.0	10.812930878063051;0.0	
8.980251756784122;0.0	10.109677412936257;0.0	10.249877441642727;0.0	10.203616125571125;0.0	10.653757229753325;0.0	
9.20384964106629;0.0	9.866502804900096;0.0	9.749257887390808;0.0	10.444442235662322;0.0	11.233516848110318;0.0	
9.839171545510007;0.0	10.373608105271833;0.0	9.962903067152928;0.0	10.243208499181412;0.0	11.189348681245898;0.0	
8.811531228108347;0.0	10.231419573947006;0.0	9.70823606659326;0.0	10.182543566406645;0.0	10.138219707584561;0.0	
9.354335026408123;0.0	10.124315955962476;0.0	10.4812859847967;0.0	10.703532585755038;0.0	10.745856999965506;0.0	
8.772644060632762;0.0	10.428848340801462;0.0	9.206792799299242;0.0	10.479484568733657;0.0	10.856655312838194;0.0	
7.779336375029684;0.0	9.246897566925211;0.0	10.299637415749455;0.0	9.551867295059536;0.0	9.625422583005752;0.0	
6.171077621204555;0.0	9.468067100708193;0.0	9.373530074775;0.0	9.653138957790253;0.0	9.014593659960806;0.0	
7.792689419576012;0.0	9.730174002159755;0.0	11.975057489243616;0.0	10.485559933410206;0.0	9.266631671974874;0.0	
6.823777344285614;0.0	9.310393922841143;0.0	10.998036470862907;0.0	11.637217330463342;0.0	10.199933239807484;0.0	
6.534552241290083;0.0	9.862881091033685;0.0	11.510133384318157;0.0	11.750002209059613;0.0	10.834116106799655;0.0	
7.054579678100694;0.0	9.788656357904957;0.0	11.777831179562837;0.0	11.05877467794128;0.0	10.513950502487498;0.0	
6.967085625587546;0.0	9.37768731834284;0.0	11.569763907399363;0.0	10.844266771141335;0.0	10.281602784441928;0.0	
8.217237630031425;0.0	9.782067012196453;0.0	12.224492766977411;0.0	10.757957549422475;0.0	10.24874124377077;0.0	
7.548063449468092;0.0	9.887618806834729;0.0	10.982931980373245;0.0	11.79702273646306;0.0	11.068864232487536;0.0	
6.958422726061217;0.0	9.450261075190632;0.0	10.83015331198197;0.0	10.390616019432896;0.0	9.654043476274614;0.0	
8.10517399741358;0.0	10.065385071173896;0.0	11.184905186947095;0.0	11.68476341696295;0.0	10.688890212084566;0.0	
7.688831074326821;0.0	9.565330656095805;0.0	11.720792440773327;0.0	11.280729052752477;0.0	10.240959971621292;0.0	
7.059007905288696;0.0	10.167902818531937;0.0	10.78983247936081;0.0	10.391456801203889;0.0	10.17876287501;0.0	
7.839544031231223;0.0	9.91050166847612;0.0	10.785424799701143;0.0	12.01303711796668;0.0	10.94324914269495;0.0	
8.022100895201623;0.0	9.630286407210788;0.0	11.569580697201168;0.0	11.987636646125003;0.0	10.122874448128332;0.0	
6.432644237767842;0.0	9.62962015861912;0.0	10.727729137560932;0.0	11.226440510412235;0.0	9.75893985622028;0.0	
8.011626638397622;0.0	10.154617312638111;0.0	11.233608998184748;0.0	11.518422709556889;0.0	10.67950555832154;0.0	
6.7517419533292165;0.0	9.444661558701686;0.0	11.102470740245245;0.0	12.221219087182723;0.0	10.431613495829062;0.0	
8.686221813212406;0.0	9.680124679072888;0.0	10.372221809231945;0.0	12.211657880500933;0.0	9.711629076535123;0.0	
8.721280643088713;0.0	10.43874436650047;0.0	10.461889651137811;0.0	11.243409640565906;0.0	9.283221660685975;0.0	
8.39417870096664;0.0	9.911888285694921;0.0	11.3947299664402;0.0	11.630649146394644;0.0	9.979345470096689;0.0	
8.782602193239846;0.0	9.83174192893535;0.0	10.564031785812483;0.0	11.917932053829285;0.0	9.947709905411836;0.0	
8.497631671682914;0.0	10.263079843555444;0.0	10.50226152595835;0.0	11.658148022169971;0.0	9.648797983968759;0.0	
8.934333517926026;0.0	10.414386475703992;0.0	11.21026103922773;0.0	10.532098135907864;0.0	9.672253366682687;0.0	
8.254921107662353;0.0	9.949163151828367;0.0	10.254495346941736;0.0	12.085576427421897;0.0	9.831633944217193;0.0	
7.731034006898675;0.0	9.82033390549818;0.0	10.663353321079315;0.0	12.461701489442117;0.0	9.381380981697397;0.0	
7.2036701435446355;0.0	10.33714442987599;0.0	10.336240837655051;0.0	11.676790572891512;0.0	9.327982930869299;0.0	
8.012296969558065;0.0	9.760210222061499;0.0	10.565276639406644;0.0	11.221680217204767;0.0	9.954641363598093;0.0	
8.124966064957263;0.0	9.850146488010322;0.0	10.648477834768347;0.0	12.268044159022491;0.0	10.384377606640692;0.0	
8.941009864195223;0.0	10.111163821274902;0.0	11.052547019515803;0.0	12.001851279515053;0.0	10.607525767220922;0.0	
8.920872826871836;0.0	10.779231705455304;0.0	11.006054963028019;0.0	10.735225329433632;0.0	10.641494093621507;0.0	
8.972398384617664;0.0	10.169760850412505;0.0	11.700562723381765;0.0	10.903321161972505;0.0	9.92591159359939;0.0	
6.504416852970396;0.0	10.20468505580822;0.0	10.603031365849343;0.0	11.303010802703179;0.0	11.032560169566377;0.0	
8.394852958817598;0.0	9.61178790360275;0.0	10.107613591398493;0.0	10.733833276038082;0.0	10.957948335096741;0.0	
8.500038658593636;0.0	10.09205936245168;0.0	11.264849702294738;0.0	10.612848740688769;0.0	10.069255936402406;0.0	
8.638449885366885;0.0	9.971869655145017;0.0	11.84858845380583;0.0	10.965816552146205;0.0	10.263175545642243;0.0	
8.155690939196235;0.0	9.755883289760106;0.0	11.806422702424747;0.0	9.951894614992156;0.0	9.525830461495943;0.0	
8.861092288540357;0.0	9.902658131026243;0.0	11.860661070114714;0.0	10.004254189091197;0.0	9.834749661054328;0.0	
8.797894763599688;0.0	9.944032777260912;0.0	11.418030330361313;0.0	10.95713603790689;0.0	9.430679675895226;0.0	
8.508387983517478;0.0	10.087842687781423;0.0	11.112192126216483;0.0	10.523205092535601;0.0	10.732091534158902;0.0	
8.96465519760359;0.0	10.098586562528332;0.0	10.328894362895866;0.0	11.816941240698432;0.0	10.065094050932961;0.0	
9.132002152780792;0.0	9.890070686409171;0.0	10.472189508919607;0.0	11.119248032550004;0.0	9.442453803850109;0.0	
8.441318782466436;0.0	9.579255069124876;0.0	10.148807836847864;0.0	11.423151378191811;0.0	9.668538080437814;0.0	
7.397474708360533;0.0	9.854926780482138;0.0	10.70397118140951;0.0	11.114364749088631;0.0	9.150682949924173;0.0	
7.469295788153208;0.0	9.686821094870929;0.0	11.029746154782197;0.0	10.516192762451563;0.0	9.35797559163115;0.0	
8.616521528605563;0.0	10.545124165260498;0.0	11.896743017943642;0.0	10.99752900786544;0.0	9.650138348392518;0.0	
8.868577484256624;0.0	11.280387044238525;0.0	10.905179168560283;0.0	11.8756706019925;0.0	10.247145744597107;0.0	
9.499906925837799;0.0	10.118547901236314;0.0	11.923168990647007;0.0	11.349631420272912;0.0	10.192312622694635;0.0	
9.097295643048989;0.0	10.44548704935235;0.0	11.07572160304791;0.0	11.517065677791473;0.0	10.865099638918217;0.0	
8.671225903543153;0.0	10.388226057341695;0.0	10.4177466113341;0.0	11.598108021755575;0.0	10.145143460706748;0.0	
7.606953899011685;0.0	10.697814493065747;0.0	9.286186816891508;0.0	11.858740001189938;0.0	10.6990462649788;0.0	
7.765148306140924;0.0	10.379910243820175;0.0	10.040651099366343;0.0	10.811075899209147;0.0	10.097949110554374;0.0	
8.843106138524178;0.0	10.307963751570536;0.0	11.505589203247574;0.0	10.474650975268524;0.0	9.663037382389945;0.0	
7.6980941665838625;0.0	10.050300615122236;0.0	10.25472815344447;0.0	11.510282724620025;0.0	10.08656236695885;0.0	
9.112536926501786;0.0	9.948442257455744;0.0	11.45567249468694;0.0	11.174490329122731;0.0	9.78608668321733;0.0	
7.597302812377054;0.0	9.862148514416775;0.0	11.294684921595659;0.0	10.845080876878214;0.0	9.510668809057284;0.0	
8.831661767653104;0.0	10.430473923389536;0.0	11.257426766926999;0.0	11.340415312761762;0.0	10.08642419468493;0.0	
8.007948873987123;0.0	10.49972489942588;0.0	11.354175642339865;0.0	11.193427388720023;0.0	9.908106151958926;0.0	
9.171461623385447;0.0	10.30573128611443;0.0	10.815742876674214;0.0	10.15759748709361;0.0	9.674977305758752;0.0	
7.511132600905695;0.0	11.048712601690728;0.0	9.874399953245948;0.0	9.61217727238416;0.0	8.934464096093395;0.0	
9.284079056967608;0.0	9.604580689521628;0.0	9.895933881150377;0.0	9.706310979866766;0.0	9.287817129076863;0.0	
8.794338912922104;0.0	10.382717397386727;0.0	9.63567575190657;0.0	9.73367383454582;0.0	9.540603840548828;0.0	
8.456089310202945;0.0	10.000828764840461;0.0	10.23766883631748;0.0	9.659367152477255;0.0	10.082082170776031;0.0	
9.31509424226731;0.0	10.023860914350804;0.0	10.146399143405594;0.0	9.79140562433392;0.0	9.717747199731779;0.0	
8.764613216868327;0.0	10.426596317402238;0.0	9.883915487090333;0.0	9.529101029355164;0.0	9.843772961478217;0.0	
9.204525982381345;0.0	9.892319294004842;0.0	9.132602207438913;0.0	9.412120013986616;0.0	8.873406707833926;0.0	
8.723714058336178;0.0	9.835871066787195;0.0	11.775417760423458;0.0	11.103861588496123;0.0	9.640902856664182;0.0	
7.995702273163304;0.0	11.345460249707296;0.0	11.213219249479955;0.0	11.91486842349608;0.0	10.455365259393927;0.0	
9.187423995127283;0.0	11.078460249129446;0.0	11.61243271603269;0.0	11.429226382472052;0.0	9.63989869470617;0.0	
8.369880555590603;0.0	10.26605689161987;0.0	11.341859463075936;0.0	11.379775031856363;0.0	10.413638548793024;0.0	
9.048809218619207;0.0	9.571836546932877;0.0	10.498681435854245;0.0	10.285360591848068;0.0	9.112074886680288;0.0	
8.438039269086987;0.0	10.029906032972733;0.0	11.027541565244466;0.0	11.503039844315772;0.0	10.30956342873603;0.0	
8.067989270828244;0.0	10.06497893093838;0.0	11.5334314978374;0.0	10.821791042455203;0.0	9.37780032026291;0.0	
9.487889254990707;0.0	10.119167934347225;0.0	11.193312671316946;0.0	10.408794759624376;0.0	9.648165660983212;0.0	
8.769828250425844;0.0	10.09169767443583;0.0	11.174550051874126;0.0	11.960522445243363;0.0	10.941591085486973;0.0	
8.409817223277773;0.0	9.569289257236564;0.0	10.95263128133086;0.0	11.733624761350459;0.0	10.505093360180611;0.0	
8.891290047590614;0.0	9.7602654253619;0.0	11.403281836739524;0.0	10.867667493800498;0.0	9.236538002889905;0.0	
7.9404286363641345;0.0	9.70082708322735;0.0	12.313461287578424;0.0	10.3451129565788;0.0	9.602421473395614;0.0	
7.120695096688335;0.0	9.620778425751842;0.0	12.318839638460194;0.0	10.738232028786378;0.0	8.88657645150483;0.0	
8.962365837807099;0.0	10.010513649869084;0.0	11.068539613288745;0.0	9.866985334682255;0.0	9.112062421726268;0.0	
7.471680033233367;0.0	10.087012024558264;0.0	10.870907961588216;0.0	10.117148376946009;0.0	9.230896966582204;0.0	
8.728906015378763;0.0	9.204051940794702;0.0	10.47134456793412;0.0	10.01741390725179;0.0	8.800525072818795;0.0	
7.487988881790041;0.0	10.331912395505737;0.0	10.22229794973837;0.0	9.623453579978884;0.0	8.927229644986015;0.0	
8.38710151027083;0.0	10.562485592115427;0.0	10.467073424387747;0.0	10.241636496850699;0.0	9.207480137659186;0.0	
9.608216358388415;0.0	10.591160873493482;0.0	10.237458679165076;0.0	9.675084104547997;0.0	9.550899724602035;0.0	
8.950509480646515;0.0	10.16039071995231;0.0	10.651853033467534;0.0	9.950157899851924;0.0	10.093779559954408;0.0	
9.18178289066762;0.0	10.505795878959981;0.0	9.424907974263581;0.0	9.961999907978281;0.0	10.24388330040894;0.0	
9.073738335125512;0.0	10.039354311018041;0.0	11.952750648017009;0.0	11.293476106866198;0.0	9.681162470827404;0.0	
8.295178725802625;0.0	9.521188827791871;0.0	11.766753671628138;0.0	11.24309340540505;0.0	9.506211894278684;0.0	
8.778936402684176;0.0	10.577159293324105;0.0	10.421893856017803;0.0	11.851912648625055;0.0	9.85947744582886;0.0	
8.288954626064848;0.0	9.690388360960988;0.0	12.297710718014446;0.0	10.377265119500867;0.0	9.790316657927336;0.0	
7.185802788876554;0.0	10.30211966028336;0.0	10.874926857564162;0.0	10.899299762787912;0.0	9.863338340167326;0.0	
8.014968307617012;0.0	10.0412045432663;0.0	10.93816411090628;0.0	11.378387325944974;0.0	10.445152416359344;0.0	
9.153017715031975;0.0	10.118727851624618;0.0	10.476555877271839;0.0	10.437365592656324;0.0	9.77288393981652;0.0	
9.300747971033694;0.0	10.416977072327045;0.0	10.251350817259192;0.0	10.03581512036672;0.0	9.284733130166694;0.0	
7.765478353150479;0.0	10.241610405717996;0.0	10.397115343267416;0.0	11.996638154053008;0.0	10.808734155797044;0.0	
8.600104652516462;0.0	9.47813200298153;0.0	11.256456867762775;0.0	11.793803844523307;0.0	10.907614703210555;0.0	
7.969027210986255;0.0	9.858153712301892;0.0	10.52804996767299;0.0	10.45849972395907;0.0	9.571537199460746;0.0	
7.870177840779853;0.0	9.79849480152589;0.0	12.329392453508168;0.0	10.30621558238352;0.0	9.495686357465436;0.0	
8.216804834728023;0.0	9.528414487368176;0.0	12.409972082660198;0.0	10.03559608817915;0.0	9.27372194153693;0.0	
8.657250518172322;0.0	9.571435094351365;0.0	12.03082656402014;0.0	10.700903209960494;0.0	9.664734146205634;0.0	
8.944956053672433;0.0	9.64853308226203;0.0	11.935881957958207;0.0	11.49099019911661;0.0	10.660148523535314;0.0	
7.840179956204031;0.0	9.787694086652554;0.0	12.172122488675662;0.0	10.840175662846946;0.0	9.72015500015489;0.0	
8.304296174150275;0.0	9.796600578750414;0.0	11.845450858265517;0.0	10.521904105795192;0.0	9.941355254208418;0.0	
8.020195652683427;0.0	10.233028966516875;0.0	10.403214105793815;0.0	10.778654827619382;0.0	9.306390837731461;0.0	
9.300030513543462;0.0	10.561398843696868;0.0	11.709734552799835;0.0	10.46800333598635;0.0	9.15612493379885;0.0	
9.602051759196627;0.0	9.56241606586131;0.0	10.603732168700285;0.0	10.347539263857806;0.0	9.152922103718646;0.0	
8.363040156100592;0.0	9.473375616062262;0.0	10.602883570774573;0.0	10.955273691334632;0.0	8.898093936009971;0.0	
9.039581158950595;0.0	10.09878048632052;0.0	11.100841850534303;0.0	11.09946198713899;0.0	9.35760973999148;0.0	
8.47133325291176;0.0	10.579413054132496;0.0	10.357393342285448;0.0	10.959270091039183;0.0	9.095034420693004;0.0	
9.236491058902395;0.0	10.00018375264737;0.0	10.764879928017212;0.0	10.881739630751685;0.0	9.207139412428946;0.0	
9.496245809120888;0.0	10.158518642706818;0.0	10.96518138979398;0.0	10.433398050222623;0.0	9.559810512205901;0.0	
7.494523048272085;0.0	10.73987711124101;0.0	11.966982540977918;0.0	10.682849610795005;0.0	9.444528183763184;0.0	
9.426584173342658;0.0	11.262172665934793;0.0	11.114682796900961;0.0	9.944309360836765;0.0	9.100615313793634;0.0	
9.140874566273432;0.0	10.291171764201817;0.0	11.148740234784817;0.0	9.449094134602694;0.0	9.149972605346443;0.0	
8.612683129049511;0.0	9.93208793918393;0.0	10.28242609318228;0.0	9.739041542373405;0.0	9.535841362610002;0.0	
8.691080554958623;0.0	10.243242115765991;0.0	11.268308772398939;0.0	11.620733979613401;0.0	9.79316668906397;0.0	
8.73982160983942;0.0	10.05959773468598;0.0	10.705994632116985;0.0	10.94277727608022;0.0	9.165649373025927;0.0	
9.208147781142623;0.0	9.816324820464288;0.0	10.252029065503567;0.0	10.747235682161643;0.0	9.206237822323908;0.0	
8.851199639966604;0.0	9.653952642015618;0.0	10.239755484858076;0.0	10.984754483040142;0.0	9.01680093194085;0.0	
8.256755044968353;0.0	9.21327310801849;0.0	10.18924471250743;0.0	10.240934446704822;0.0	8.753982453824026;0.0	
8.246165418126017;0.0	10.44748335010941;0.0	11.04262067398912;0.0	11.079401219839525;0.0	9.604074271250633;0.0	
8.93435417076248;0.0	10.08686970924673;0.0	10.758092175000646;0.0	11.405530988480375;0.0	9.779811093803282;0.0	
9.345273949054823;0.0	9.690820888374322;0.0	11.345023475029105;0.0	11.737152594180497;0.0	9.928768505416674;0.0	
8.637834083364517;0.0	9.653486146691113;0.0	11.967290447111544;0.0	10.55360245280264;0.0	9.294378665117057;0.0	
8.372931553980768;0.0	9.924287631024308;0.0	12.062255331558738;0.0	10.906726336300665;0.0	9.044050195419592;0.0	
9.27103172351323;0.0	10.021890856350542;0.0	11.235513665613095;0.0	10.352118269095676;0.0	9.393963596905554;0.0	
8.78467254739883;0.0	9.998752519706116;0.0	11.70890530131709;0.0	10.758038096029244;0.0	9.408650422073084;0.0	
7.08748536183348;0.0	10.42773065766195;0.0	12.07786731606212;0.0	10.848129094579335;0.0	9.716980925591207;0.0	
8.065485959274579;0.0	10.479143217618196;0.0	11.442411733023722;0.0	11.17696507494364;0.0	9.267239271287092;0.0	
8.061474388001947;0.0	10.955694275312755;0.0	11.982935745202958;0.0	10.487668167406374;0.0	9.83052636193501;0.0	
7.5345322921593025;0.0	10.623846259766292;0.0	11.955998126437718;0.0	10.858499000796808;0.0	8.923224866008622;0.0	
8.376219064508522;0.0	9.719441759232705;0.0	11.816790550061244;0.0	11.08184926932169;0.0	9.449499700814373;0.0	
8.30417247143827;0.0	10.698362915092224;0.0	11.9391329418049;0.0	11.173810428250308;0.0	9.9869120170985;0.0	
8.193302204534993;0.0	10.7421507455253;0.0	11.890018438315984;0.0	11.284473267711924;0.0	10.61099763065364;0.0	
9.520582205624443;0.0	10.109186376498684;0.0	10.48444106126115;0.0	10.079688310582734;0.0	9.341500157590078;0.0	
9.107088201837184;0.0	9.982262746651028;0.0	11.025128564599557;0.0	9.876320767086998;0.0	9.335352441270992;0.0	
8.80214908172486;0.0	10.197922667450879;0.0	10.493172083994999;0.0	10.208824939973704;0.0	9.544344603739756;0.0	
9.120738820691624;0.0	10.02268352662813;0.0	11.34534708347884;0.0	10.435178758907767;0.0	9.37378727527226;0.0	
8.561266784352659;0.0	9.762256665280235;0.0	11.839181882097934;0.0	9.896907020059707;0.0	10.17183131093663;0.0	
7.127301605744114;0.0	9.47914468992813;0.0	12.390814567181556;0.0	10.953039753209158;0.0	9.512673790651391;0.0	
6.692345637768921;0.0	9.33447458266555;0.0	11.97453189504196;0.0	10.466553161006598;0.0	10.182267642517719;0.0	
7.873218877680229;0.0	9.812184521840171;0.0	11.50444301508819;0.0	11.024794637704641;0.0	9.398787929258088;0.0	
8.14221751654817;0.0	10.027337635767386;0.0	12.401031773293578;0.0	10.79114498138326;0.0	9.703620868672179;0.0	
8.116493434120722;0.0	10.15515807673902;0.0	12.145727690327403;0.0	11.552994415416235;0.0	10.003100938720682;0.0	
6.984228170276713;0.0	10.45379500330357;0.0	12.225265334764886;0.0	11.176512348163449;0.0	9.924029037416119;0.0	
8.878754514336494;0.0	9.9932651888261;0.0	11.815318440209502;0.0	11.760351222709309;0.0	10.177544282512981;0.0	
6.037109267190078;0.0	10.46841858604724;0.0	12.02837438773271;0.0	11.920515285248788;0.0	10.12322517723441;0.0	
8.342837367198438;0.0	10.145445031267359;0.0	11.951477466814971;0.0	11.565680555877801;0.0	10.044003761401612;0.0	
7.157968890712844;0.0	9.783831652308459;0.0	11.57759472506561;0.0	11.499207942309866;0.0	9.791766798034278;0.0	
7.237802446377145;0.0	9.758459183467858;0.0	11.80899191670579;0.0	11.542341865696235;0.0	9.464690731583561;0.0	
9.510906062350069;0.0	9.874523148265542;0.0	10.668843489675487;0.0	11.927026233229068;0.0	10.003809309093112;0.0	
8.472230303336941;0.0	10.4559771977333;0.0	10.148937655431908;0.0	12.393919352119696;0.0	10.148341680959847;0.0	
6.963695166730719;0.0	10.958541955563918;0.0	10.802906814435014;0.0	11.022617541659557;0.0	9.6949709131049;0.0	
9.12426015087268;0.0	10.367538855730713;0.0	11.78222090645203;0.0	10.613998539616082;0.0	9.68122553455133;0.0	
9.4554042195197;0.0	11.20322415811231;0.0	10.522074995421155;0.0	9.930393946211655;0.0	9.346226924631248;0.0	
9.22108092797648;0.0	9.811730553278178;0.0	10.415938471953803;0.0	10.369173024581336;0.0	8.98631671185902;0.0	
7.750734339671102;0.0	10.163993576903;0.0	11.096576887575822;0.0	10.999600860093611;0.0	9.246024144003734;0.0	
6.870446331194648;0.0	9.067516359863832;0.0	12.212038818922153;0.0	10.630931282867564;0.0	9.334498406399982;0.0	
8.844492890751066;0.0	10.324865019972243;0.0	12.236471954018478;0.0	9.937828733923988;0.0	9.417580479690129;0.0	
9.600295329917694;0.0	10.6944059883885;0.0	10.927709592089165;0.0	10.224318640633244;0.0	9.75194718461003;0.0	
8.585108475228566;0.0	11.351381595358713;0.0	11.409988194357847;0.0	10.9764808824505;0.0	10.4069915796523;0.0	
9.571638333834384;0.0	10.546719421296455;0.0	11.329297557643178;0.0	10.604679373663956;0.0	9.441107290199119;0.0	
9.109125875154106;0.0	10.015214898351292;0.0	11.414314348306291;0.0	10.296924648303065;0.0	9.115076277053403;0.0	
9.04975826906243;0.0	10.060649644937216;0.0	11.363233963307334;0.0	10.377669881772256;0.0	9.40977192793502;0.0	
9.939718354269294;0.0	9.96740539271044;0.0	10.631275796347103;0.0	10.152014669466514;0.0	9.728057311556036;0.0	
9.22161467468904;0.0	10.062426842003786;0.0	10.496934770410133;0.0	10.307146308334419;0.0	9.108312311533668;0.0	
9.334105828070898;0.0	9.43401188720842;0.0	11.375489145503012;0.0	10.963429276499363;0.0	9.510364292131628;0.0	
7.8939515343849855;0.0	10.099889873843184;0.0	11.400213159269901;0.0	11.196781477239709;0.0	9.842596147350129;0.0	
